     0      1
     2      3
     4      9
    10     18
    19     27
    28     35
    36     37
    38     38
    39     40
    41     41
    42     42
    43     44
    45     45
    46     47
    48     48
    49     49
    50     50
    51     53
    54     55
    56     58
    59     60
    61     65
    66     67
    68     71
    72     75
    76     82
    83     89
    90     94
    95     99
   100    107
   108    113
   114    116
   117    119
   120    128
   129    137
   138    143
   144    151
   152    155
   156    156
   157    158
   159    159
   160    160
   161    167
   168    176
   177    185
   186    192
   193    199
   200    204
   205    209
   210    212
   213    216
   217    221
   222    227
   228    231
   232    236
   237    241
   242    246
   247    249
   250    253
   254    256
   257    258
   259    260
   261    261
   262    262
   263    263
   264    264
   265    265
   266    267
   268    271
   272    277
   278    282
   283    287
   288    290
   291    292
   293    302
   303    311
   312    319
   320    325
   326    328
   329    333
   334    339
   340    345
   346    349
   350    353
   354    355
   356    356
   357    358
   359    361
   362    367
   368    369
   370    371
   372    373
   374    382
   383    387
   388    391
   392    396
   397    400
   401    408
   409    411
   412    413
   414    415
   416    416
   417    417
   418    419
   420    420
   421    421
   422    424
   425    430
   431    436
   437    442
   443    446
   447    451
   452    455
   456    458
   459    460
   461    463
   464    464
   465    466
   467    468
   469    469
   470    473
   474    479
   480    483
   484    487
   488    491
   492    497
   498    504
   505    511
   512    515
   516    518
   519    520
   521    526
   527    532
   533    537
   538    542
   543    549
   550    553
   554    558
   559    567
   568    574
   575    583
   584    589
   590    596
   597    599
   600    607
   608    612
   613    620
   621    626
   627    634
   635    640
   641    649
   650    658
   659    663
   664    668
   669    675
   676    683
   684    687
   688    692
   693    702
   703    711
   712    718
   719    727
   728    735
   736    742
   743    750
   751    755
   756    760
   761    765
   766    770
   771    777
   778    783
   784    789
   790    793
   794    797
   798    798
   799    800
   801    801
   802    802
   803    803
   804    804
   805    807
   808    808
   809    810
   811    811
   812    812
   813    817
   818    821
   822    827
   828    835
   836    839
   840    844
   845    848
   849    852
   853    858
   859    864
   865    869
   870    878
   879    884
   885    890
   891    898
   899    905
   906    912
   913    919
   920    924
   925    932
   933    937
   938    939
   940    942
   943    948
   949    953
   954    960
   961    969
   970    978
   979    984
   985    986
   987    989
   990    990
   991    994
   995    999
  1000   1004
  1005   1010
  1011   1013
  1014   1019
  1020   1029
  1030   1037
  1038   1042
  1043   1046
  1047   1051
  1052   1057
  1058   1061
  1062   1069
  1070   1073
  1074   1077
  1078   1082
  1083   1090
  1091   1094
  1095   1098
  1099   1100
  1101   1102
  1103   1104
  1105   1105
  1106   1107
  1108   1109
  1110   1111
  1112   1112
  1113   1113
  1114   1114
  1115   1116
  1117   1118
  1119   1119
  1120   1121
  1122   1123
  1124   1125
  1126   1127
  1128   1129
  1130   1131
  1132   1133
  1134   1134
  1135   1137
  1138   1142
  1143   1147
  1148   1149
  1150   1150
  1151   1152
  1153   1157
  1158   1164
  1165   1169
  1170   1174
  1175   1178
  1179   1181
  1182   1183
  1184   1184
  1185   1185
  1186   1187
  1188   1192
  1193   1201
  1202   1209
  1210   1213
  1214   1218
  1219   1226
  1227   1232
  1233   1237
  1238   1243
  1244   1246
  1247   1249
  1250   1255
  1256   1259
  1260   1262
  1263   1268
  1269   1270
  1271   1271
  1272   1275
  1276   1281
  1282   1285
  1286   1288
  1289   1294
  1295   1300
  1301   1308
  1309   1312
  1313   1316
  1317   1319
  1320   1321
  1322   1322
  1323   1324
  1325   1328
  1329   1335
  1336   1340
  1341   1343
  1344   1348
  1349   1353
  1354   1359
  1360   1364
  1365   1369
  1370   1374
  1375   1380
  1381   1385
  1386   1390
  1391   1392
  1393   1393
  1394   1394
  1395   1396
  1397   1398
  1399   1399
  1400   1401
  1402   1405
  1406   1410
  1411   1413
  1414   1416
  1417   1418
  1419   1419
  1420   1421
  1422   1429
  1430   1435
  1436   1443
  1444   1450
  1451   1459
  1460   1465
  1466   1467
  1468   1468
  1469   1469
  1470   1470
  1471   1471
  1472   1472
  1473   1473
  1474   1474
  1475   1475
  1476   1477
  1478   1478
  1479   1479
  1480   1480
  1481   1481
  1482   1482
  1483   1483
  1484   1485
  1486   1488
  1489   1492
  1493   1497
  1498   1502
  1503   1507
  1508   1509
  1510   1511
  1512   1513
  1514   1516
  1517   1519
  1520   1521
  1522   1526
  1527   1531
  1532   1537
  1538   1540
  1541   1544
  1545   1549
  1550   1555
  1556   1561
  1562   1566
  1567   1570
  1571   1575
  1576   1580
  1581   1586
  1587   1591
  1592   1596
  1597   1601
  1602   1606
  1607   1611
  1612   1616
  1617   1621
  1622   1626
  1627   1632
  1633   1635
  1636   1636
  1637   1638
  1639   1642
  1643   1646
  1647   1648
  1649   1650
  1651   1654
  1655   1657
  1658   1658
  1659   1660
  1661   1661
  1662   1662
  1663   1664
  1665   1665
  1666   1666
  1667   1667
  1668   1668
  1669   1669
  1670   1671
  1672   1673
  1674   1674
  1675   1675
  1676   1677
  1678   1678
  1679   1680
  1681   1682
  1683   1684
  1685   1686
  1687   1687
  1688   1689
  1690   1692
  1693   1699
  1700   1708
  1709   1713
  1714   1716
  1717   1721
  1722   1727
  1728   1731
  1732   1739
  1740   1746
  1747   1756
  1757   1763
  1764   1773
  1774   1777
  1778   1782
  1783   1790
  1791   1797
  1798   1806
  1807   1812
  1813   1816
  1817   1826
  1827   1830
  1831   1839
  1840   1846
  1847   1851
  1852   1854
  1855   1856
  1857   1857
  1858   1858
  1859   1860
  1861   1862
  1863   1864
  1865   1866
  1867   1870
  1871   1873
  1874   1876
  1877   1877
  1878   1878
  1879   1879
  1880   1880
  1881   1881
  1882   1882
  1883   1883
  1884   1886
  1887   1888
  1889   1893
  1894   1901
  1902   1907
  1908   1914
  1915   1919
  1920   1923
  1924   1928
  1929   1935
  1936   1941
  1942   1947
  1948   1954
  1955   1963
  1964   1969
  1970   1972
  1973   1974
  1975   1975
  1976   1982
  1983   1992
  1993   2001
  2002   2002
  2003   2005
  2006   2011
  2012   2015
  2016   2019
  2020   2021
  2022   2023
  2024   2025
  2026   2027
  2028   2029
  2030   2031
  2032   2033
  2034   2034
  2035   2036
  2037   2037
  2038   2038
  2039   2040
  2041   2043
  2044   2045
  2046   2050
  2051   2056
  2057   2060
  2061   2061
  2062   2064
  2065   2067
  2068   2069
  2070   2071
  2072   2072
  2073   2073
  2074   2074
  2075   2075
  2076   2076
  2077   2077
  2078   2078
  2079   2079
  2080   2080
  2081   2081
  2082   2083
  2084   2084
  2085   2086
  2087   2088
